BST_Node          21   24   25   26   27   78   149   217   230   277   346   414   423   460   477   506   507   508   509   510   513   617   646   683   684   689   706   736   767   997   1014   1032   1063   1081   1089   
BinarySearchTree  10   218   230   232   419   423   425   432   433   434   435   436   438   439   446   448   524   527   544   554   562   573   584   593   598   603   614   642   681   691   703   717   731   736   841   940   972   976   985   989   997   1014   1032   1048   1063   1081   
Comparable         9   23   27   67   218   230   232   263   419   423   425   433   434   435   444   445   446   447   448   454   455   523   524   526   527   529   543   544   553   554   561   562   572   573   583   584   592   593   597   598   602   603   613   614   641   642   680   681   691   703   717   730   731   736   840   841   939   940   971   972   976   984   985   989   996   997   1013   1014   1031   1032   1047   1048   1062   1063   1080   1081   
OrderedPair      446   681   691   703   717   
begin            458   474   948   
cin              507   
clone            508   556   564   578   1081   1089   
const_iterator    39   45   49   53   58   76   132   135   146   204   207   230   426   445   474   486   498   501   642   661   665   
cout             442   
curr             460   464   465   466   469   477   481   482   483   486   
dNodePtr         736   739   743   746   748   749   751   767   770   781   785   789   806   807   823   829   
element           23   28   72   269   621   622   650   651   695   697   709   823   976   989   1038   1089   
empty            440   598   
end              490   498   948   
erase            447   448   449   731   841   853   940   960   
find             444   445   614   642   850   
findMax          455   510   972   976   997   
findMin          454   509   985   989   1014   1023   
first            433   449   527   529   940   946   948   
include            2   3   4   
insert           446   534   681   
iostream           2   
iterator          32   49   235   242   247   254   274   331   333   344   401   404   423   444   446   448   449   458   469   486   490   493   501   614   632   634   661   665   681   691   703   717   731   940   946   
itr              731   736   850   852   853   
last             433   449   527   532   940   948   959   
left              24   28   91   92   101   102   163   164   167   171   187   290   291   300   301   360   361   364   368   384   465   466   482   483   623   652   697   710   746   749   775   778   785   789   797   806   812   824   1020   1023   1037   1067   1089   
lt                27   28   
makeEmpty        443   506   546   577   952   1048   1052   1063   1067   1068   
nodePtr           49   55   60   69   72   80   83   86   91   92   95   99   101   102   113   115   117   124   156   159   163   164   167   171   173   174   185   187   189   196   217   230   250   257   266   269   279   282   285   290   291   294   298   300   301   312   314   316   323   353   356   360   361   364   368   370   371   382   384   386   393   414   423   736   852   
nullptr           27   69   80   86   91   95   101   115   156   163   167   173   187   266   279   285   290   294   300   314   353   360   364   370   384   464   465   481   482   493   501   524   527   598   621   631   634   650   660   665   684   688   695   702   706   737   739   746   748   753   775   801   820   852   942   955   974   987   1000   1001   1017   1018   1020   1036   1050   1054   1066   1072   1085   1086   
numberOfNodes    514   524   527   557   565   579   587   593   690   716   830   961   1070   
once               1   
ostream          442   507   603   1032   
out              442   507   603   605   1032   1037   1038   1039   
p                 27   28   78   113   115   117   118   124   149   185   187   189   190   196   230   277   312   314   316   317   323   346   382   384   386   387   393   423   529   532   534   535   684   696   706   709   710   713   946   959   960   
pNodePtr         736   743   755   787   809   820   823   824   826   
pOfRNodePtr      767   777   781   797   802   
parent            26   28   113   118   185   190   312   317   382   387   743   755   787   789   802   809   812   813   
pos               49   
pragma             1   
printInOrder     442   507   603   605   1032   1037   1039   
rNodePtr         736   749   751   753   755   770   775   777   778   785   787   789   797   801   802   806   807   809   812   813   821   824   826   
referenceError    71   268   740   975   988   
rhs               53   55   58   60   247   250   254   257   434   435   438   439   554   556   557   562   564   565   566   573   575   578   579   584   586   587   
right             25   28   95   99   115   173   174   294   298   314   370   371   625   654   697   713   746   748   751   770   797   801   802   807   813   826   1001   1002   1039   1068   1089   
root              83   159   282   356   460   477   513   524   527   556   564   578   586   598   605   617   646   683   688   689   691   737   821   942   952   955   974   976   987   989   1050   1052   1054   
rt                27   28   
size             151   348   441   593   
std                5   586   587   
swap             586   587   
t                230   423   506   507   508   509   510   617   621   622   623   625   631   632   646   650   651   652   654   660   661   683   695   696   697   702   703   706   710   713   717   997   1000   1001   1002   1005   1014   1017   1020   1021   1023   1032   1036   1037   1038   1039   1063   1066   1067   1068   1069   1072   1081   1085   1089   
theElement        27   28   
tmp              135   141   207   213   333   339   404   406   661   662   665   666   
tree              83   151   159   218   230   282   348   356   419   423   
underflowError    87   152   286   349   738   944   
x                444   445   446   447   614   621   622   642   650   651   681   689   695   697   706   709   841   850   
